filename,DNSMOS_OVRL,DNSMOS_SIG,DNSMOS_BAK,P808_MOS
100-121669-0010.wav,3.360607886926392,3.6242693901845913,4.156194706426936,3.7039215564727783
100-121669-0029.wav,2.8343304289768354,3.2473472654123254,3.8235679472487805,3.6159536838531494
100-121674-0001.wav,3.393646804794694,3.6683564398224946,4.138480734995519,3.378321647644043
100-121674-0039.wav,3.2208779227892266,3.4776612203469446,4.0544094654008775,3.8738694190979004
100-122655-0001.wav,3.4058558649305706,3.6542547218760224,4.160692654186434,3.6117632389068604
1001-134707-0001.wav,3.399507920931471,3.646888094329631,4.16200657684372,3.782357931137085
1001-134707-0055.wav,3.396610088755529,3.6318791704627746,4.188770546869381,3.514484167098999
1001-134708-0022.wav,3.331849245346353,3.6563660770403335,4.051666391212773,3.3270654678344727
101-126859-0002.wav,3.238129980699958,3.5343894155803426,4.039556770575241,3.7497575283050537
101-126859-0023.wav,3.3987765831585017,3.6581399581433622,4.159596952112928,3.762834310531616
101-126859-0032.wav,3.1431444919170204,3.4484920649503112,4.0298055523849365,3.924924612045288
101-126860-0024.wav,2.9066226149539673,3.2800601679695376,3.7974433599346367,3.6719818115234375
101-126860-0037.wav,3.399525027492517,3.645571609257308,4.17813063730625,3.858131170272827
101-126861-0001.wav,2.939131005979101,3.4010842874104683,3.633869432486924,3.4719836711883545
1012-133424-0010.wav,2.6293509036909484,3.066893876863859,3.742177986193012,3.009364128112793
1012-133424-0013.wav,2.9005056501368043,3.321318397038076,3.8003158624904687,3.411789655685425
1012-133424-0037.wav,2.995928105450458,3.3581500323615123,4.050095249825999,3.600994825363159
1012-133424-0041.wav,3.017792945733271,3.3375279091422416,4.118900087452779,3.4623591899871826
1012-133424-0048.wav,2.4852191981477927,3.252673570960159,3.0270705720799675,3.2712247371673584
1012-133424-0052.wav,3.1530234225607523,3.514743287406234,3.958037803264921,3.6456961631774902
1012-133424-0082.wav,3.127809976181491,3.5580661007384755,3.783125577458916,3.3668391704559326
1012-133424-0083.wav,2.694981776041908,3.2051796995507047,3.774606467053987,3.4728546142578125
1018-133447-0023.wav,3.381528027215273,3.6633324755435357,4.101005798020875,4.210723876953125
1018-133447-0024.wav,3.372099765036877,3.629983702224982,4.159362660294252,4.082710266113281
1018-133447-0041.wav,3.3823799221853506,3.6374909367319517,4.124281005766426,4.297157287597656
1018-133447-0046.wav,3.39051468428913,3.6205847816518326,4.165206968606944,3.8100383281707764
1018-135221-0035.wav,3.4034998227745867,3.660313649319059,4.1246373997853105,3.775481939315796
1025-75365-0022.wav,3.112695629294064,3.40266108142382,3.988070469301582,3.8335983753204346
1025-92814-0015.wav,3.226059955191216,3.4970705319114574,4.081538056216156,3.88657546043396
1025-92814-0031.wav,3.268056227768984,3.5037831389273553,4.128722770839736,3.986111879348755
1025-92820-0026.wav,2.8728599045461056,3.300582105784338,3.671756563216454,3.7062015533447266
1025-92820-0027.wav,3.304972696891671,3.562461795882102,4.112762759914076,4.002581596374512
1025-92820-0047.wav,2.46598253211383,3.009560092892535,3.511644094331377,3.692986249923706
1027-125140-0008.wav,3.260983084079477,3.509244202172745,4.1904560852599,3.7841219902038574
1027-125140-0035.wav,3.397787839544345,3.6119932399157157,4.208571701145968,3.7926487922668457
1027-125140-0044.wav,3.2877437957306546,3.5174805067999295,4.18038295462473,3.8307878971099854
1027-125140-0050.wav,3.1816889262610717,3.4176200776280727,4.127040673464996,3.7943320274353027
1027-125140-0051.wav,3.2967692075754345,3.5651610151445032,4.169545304018761,3.8452229499816895
1027-125140-0052.wav,3.381403951243757,3.6349184259149045,4.147423444430313,3.876765727996826
1027-125147-0021.wav,3.3222805209824933,3.5533522695824087,4.155209383216103,3.901743173599243
1028-133393-0001.wav,2.979048334659105,3.2910335530967134,3.9772162335337904,3.6526577472686768
1028-133393-0018.wav,3.201211878545361,3.517939734058629,3.990123096544179,3.7572925090789795
1028-133393-0045.wav,3.4435127100092853,3.668357448351257,4.202693551031391,3.87495756149292
1028-133395-0018.wav,3.4283376887201222,3.6698036279111443,4.183993655485258,3.9935922622680664
1028-133395-0031.wav,3.3027545253853083,3.5299623256013186,4.146992301116776,3.8345561027526855
1028-133395-0033.wav,3.0324984520259664,3.2824800123872278,4.150165493992164,3.787128448486328
1028-133395-0042.wav,3.3876869875704054,3.601382561411394,4.197728632114828,3.9265313148498535
1028-133395-0048.wav,3.3562604299255194,3.5939523870032914,4.1376655742684445,4.046715259552002
1031-133220-0001.wav,2.946505894239642,3.420759781325165,3.632733810581485,3.529071569442749
1031-133220-0039.wav,2.905410690282045,3.220866836836444,3.946579866850319,3.490009307861328
1264-129805-0032.wav,3.2517154784004503,3.537337337851612,4.099471101342659,3.7318756580352783
2238-121413-0010.wav,3.069404895057397,3.4426283141065452,3.8239531148968746,4.057128429412842
398-130093-0012.wav,2.706675857014769,3.2133874702247938,3.393970654873902,3.690601348876953
4278-13269-0019.wav,3.493820529299088,3.7119417278424494,4.184158587928961,3.929703950881958
5115-26947-0046.wav,2.985966883336438,3.5498416078664556,3.4943667811706756,3.6828246116638184
5489-65803-0038.wav,3.2962216075164457,3.5693760692101546,4.1789097180321955,3.832798957824707
6080-233342-0012.wav,3.391466500840597,3.6574336256507594,4.1426941651010125,4.11724328994751
6188-78885-0047.wav,3.405030423055818,3.6480520327988635,4.191155035365424,4.027858734130859
698-122876-0020.wav,3.184981544631314,3.5816613962975814,3.8965658211546987,3.557959794998169
8713-300047-0035.wav,3.1896924246321117,3.4483710684143425,4.165085145881761,3.7428455352783203
