filename,DNSMOS_OVRL,DNSMOS_SIG,DNSMOS_BAK,P808_MOS
100-121669-0010.wav,3.0568763028707266,3.379202235264434,4.03391203036943,3.6760361194610596
100-121669-0029.wav,2.6109975144875226,3.0380221055861507,3.7873845201593648,3.697070837020874
100-121674-0001.wav,3.295522927640063,3.5746123969144854,4.11692116777309,3.6131341457366943
100-121674-0039.wav,3.270812000568991,3.568292666154976,4.019553211970771,3.7974674701690674
100-122655-0001.wav,3.2150751242661384,3.577186408116101,3.9236920296203808,3.6664843559265137
1001-134707-0001.wav,2.56147909996957,2.887886189807142,3.8816275834836027,3.7449138164520264
1001-134707-0055.wav,2.8963400125860996,3.246452746558561,4.0219163510806855,3.663400650024414
1001-134708-0022.wav,2.9150415536413856,3.2659683454178077,4.065500021986306,3.527960777282715
101-126859-0002.wav,3.0350499810517024,3.4418157408632433,3.751284828275067,3.7455432415008545
101-126859-0023.wav,3.2684677077947204,3.565251183220618,4.129381830838068,3.551819086074829
101-126859-0032.wav,3.1725746420478704,3.4781668232161382,4.055200885468673,3.8078746795654297
101-126860-0024.wav,3.076359259549024,3.405565711916228,4.042175910264839,3.6373164653778076
101-126860-0037.wav,3.298056496300763,3.5806322910501565,4.165217090539388,3.9075260162353516
101-126861-0001.wav,2.8401851145731882,3.3762083962322045,3.6597529640024122,3.388634204864502
1012-133424-0010.wav,2.375949391467711,2.802360123670389,3.9513693098930176,2.9170122146606445
1012-133424-0013.wav,2.4494992427841327,2.9422456125017735,3.6815775061365357,2.995213031768799
1012-133424-0037.wav,2.5505491508499696,3.044447246815663,3.877723432637699,3.478792905807495
1012-133424-0041.wav,2.9359860735784347,3.2903039678619246,4.117447720186327,3.5352940559387207
1012-133424-0048.wav,2.5613352077974354,3.1206390284505914,3.461059396108618,3.425870180130005
1012-133424-0052.wav,2.9760186275075204,3.405593746895746,3.8467807338842235,3.397244930267334
1012-133424-0082.wav,2.9053125399308057,3.327119679918216,3.7929581443768434,3.356424570083618
1012-133424-0083.wav,2.2966236567993428,2.8775276441847915,3.7232253876698578,2.925031900405884
1018-133447-0023.wav,3.2659739859605836,3.5861399533474296,4.006573454409106,4.153905868530273
1018-133447-0024.wav,3.104768627617213,3.416469550839672,4.136682321277987,4.103897571563721
1018-133447-0041.wav,3.418116962684599,3.6609561085483895,4.183054700095584,4.2625627517700195
1018-133447-0046.wav,3.309532882339164,3.57335819786072,4.148957359059962,3.889824628829956
1018-135221-0035.wav,3.2747155105343055,3.5958764721457643,3.9932279089983815,3.699014663696289
1025-75365-0022.wav,2.2098098821894654,2.716869489782583,3.180394810322107,3.4136111736297607
1025-92814-0015.wav,3.080387867376434,3.3723071128551383,4.108139521914374,4.060926914215088
1025-92814-0031.wav,3.3185035331493085,3.596675922700333,4.179618152037968,3.9601380825042725
1025-92820-0026.wav,2.62281326021602,3.0205841652757393,4.016350072894093,3.873534917831421
1025-92820-0027.wav,2.7266192527009725,3.233175754167657,3.5688038519885743,3.8723227977752686
1025-92820-0047.wav,2.32919109886138,2.792699968704056,3.9666227345093765,3.697411298751831
1027-125140-0008.wav,2.9363053339593543,3.260266327196084,4.184227304821192,3.776992082595825
1027-125140-0035.wav,3.1974094964680635,3.508267611450047,4.163308784898609,3.881737232208252
1027-125140-0044.wav,3.1703885709562565,3.443392602099703,4.13795779798567,3.7509498596191406
1027-125140-0050.wav,3.3478305498058543,3.588871509940067,4.153909097799042,3.84494686126709
1027-125140-0051.wav,2.966445015950194,3.2993976240560983,4.143069430091884,3.6032848358154297
1027-125140-0052.wav,3.275525683207576,3.558700393009515,4.105678475513701,3.9223523139953613
1027-125147-0021.wav,2.996925490318271,3.3128518519279897,4.084478854791791,3.9694700241088867
1028-133393-0001.wav,2.9341419290089186,3.288191087888903,4.113786117000596,3.7080328464508057
1028-133393-0018.wav,3.2631397643377222,3.5652204871624504,4.052608497058543,3.64923095703125
1028-133393-0045.wav,3.27612861896914,3.552339046542047,4.159571734734497,3.814326286315918
1028-133395-0018.wav,3.3456426103691945,3.6043047919845765,4.176281734052631,4.1164045333862305
1028-133395-0031.wav,2.991802951318858,3.3037094433891374,3.957467206606958,4.001961708068848
1028-133395-0033.wav,2.4191022231263966,2.854450331613347,4.052102173499106,3.7794299125671387
1028-133395-0042.wav,3.306572672819544,3.553139869875705,4.166105648407002,3.99299693107605
1028-133395-0048.wav,3.199820514454594,3.5062537533167673,4.0190254926651425,4.048058986663818
1031-133220-0001.wav,2.8017346964720864,3.256450449797103,3.7359396546873316,3.135387659072876
1031-133220-0039.wav,2.415302450674956,3.033445017754433,3.3814550275685957,3.2890608310699463
1264-129805-0032.wav,2.980233117389888,3.3086601428196256,4.105159346560769,3.9159882068634033
2238-121413-0010.wav,3.241025364438231,3.541000053745761,4.041106509170629,3.9606261253356934
398-130093-0012.wav,1.8398628272273871,2.5135647011861875,3.472423687466691,2.1468002796173096
4278-13269-0019.wav,3.4266250195063748,3.660267084167609,4.183854666937135,3.799038887023926
5115-26947-0046.wav,3.067554781419142,3.567402500110061,3.7606200566050028,3.173976182937622
5489-65803-0038.wav,2.959137720952667,3.2822732974953137,4.065921460530451,3.8047142028808594
6080-233342-0012.wav,3.2970011008067774,3.5804296246297675,4.151258633795693,4.179891109466553
6188-78885-0047.wav,3.2132197197962182,3.4952975406594633,4.114939622463784,4.005817413330078
698-122876-0020.wav,2.7605576468341146,3.4227851045396314,3.40408506461457,3.3599464893341064
8713-300047-0035.wav,2.848057784433089,3.1812356873845653,4.110735818922534,3.7381629943847656
